1 1 1 #A# 1 1 1 
2 2 2 #B# 2 2 2 
3 3 3 #C# 3 3 3
4 4 4 #D# 4 4 4
5 5 5 #E# 5 5 5
6 6 6 #F# 6 6 6
7 7 7 #G# 7 7 7 
8 8 8 #H# 8 8 8
9 9 9 #I# 9 9 9
10 100 10 #J# 10 100 10
11 110 11 #K# 11 110 11
12 120 12 #L# 12 120 12
13 130 13 #M# 13 130 13
14 140 14 #N# 14 140 14
15 150 15 #O# 15 150 15
16 160 16 #P# 16 160 16
17 170 17 #Q# 17 170 17
18 180 18 #R# 18 180 18
19 190 19 #S# 19 190 19
20 200 20 #T# 20 200 20
21 210 21 #U# 21 210 21
22 220 22 #V# 22 220 22
23 230 23 #W# 23 230 23
24 240 24 #X# 24 240 24