20 200 25 #P# 20 200 202
3 33 3 #A# 3 200 34
4 40 44 #R# 4 45 45 
13 45 14 #C# 13 12 31
11 11 22 #I# 11 1 1
17 120 12 #A# 17 180 22
19 140 14 #L# 19 551 190
1 60 5 #X# 1 10 11
22 1250 25 #A# 22 22 2
21 22 21 #L# 21 20 22
8 80 17 #G# 8 80 18
24 22 245 #O# 24 22 54 
2 20 20 #R# 2 20 23
18 130 38 #I# 18 41 23
5 122 5 #T# 5 54 56
6 60 8 #M# 6 86 66
10 180 10 #O# 10 180 20
23 22 44 #S# 23 267 25
12 21 32 #X# 12 11 12
7 45 7 #D# 7 125 20
15 75 5 #O# 15 135 17
9 125 22 #S# 9 99 29
14 135 54 #X# 14 125 14
16 100 1 #D# 16 15 6